[    953.64     955.88     955.88     955.88],
[    985.68     985.68     985.68     985.68],
[    911.87     944.64     944.64     944.64],
[    911.67     985.68     985.68     985.68],
[   2056.99    2150.31    2157.58    2192.57],
[   1948.02    2087.26    2195.39    2095.96],
[   1945.16    2154.10    2077.61    2117.59],
[   2210.51    2175.55    2261.39    2202.09],
[   1979.76    2049.03    2068.99    2030.93],
[   2109.33    2119.46    2150.75    2200.30],
[   2171.36    2106.81    2164.04    2129.91],
[   2062.57    2039.59    2140.13    2199.35],
[   1945.97    2046.82    2023.05    2025.73],
[   1939.32    2046.12    2116.23    2061.06],
[   4005.60    4094.43    4046.93    4094.43],
[   3732.77    3907.00    3916.68    3907.00],
[   3892.30    3735.93    3776.89    4096.78],
[   4290.03    4075.22    4075.22    4075.22],
[   4014.53    3947.75    3951.72    4018.81],
[   4058.19    4388.51    4389.05    4389.05],
[   4279.59    4509.01    4266.34    4343.64],
[   3921.08    4318.02    4274.93    4156.32],
[   4093.55    4317.86    4493.13    4318.93],
[   3801.01    4092.34    4234.06    4285.35],
[   5342.32    5664.20    5530.92    5829.53],
[   5870.47    5993.74    5836.69    5820.53],
[   5517.13    5672.08    5463.23    5708.27],
[   5390.13    5953.97    5729.54    5736.06],
[   6011.19    5948.33    5935.53    6124.89],
[   5434.25    5769.72    5444.34    5444.34],
[   5625.46    5737.98    5818.13    5770.68],
[   5495.52    5643.57    5471.12    5458.59],
[   6065.83    6101.77    6202.58    6253.79],
[   5548.62    5609.82    5435.97    5534.94]
