[    953.64     953.64     953.64     953.64],
[    985.68     985.68     985.68     985.68],
[    911.87     911.87     911.87     911.87],
[    910.55     910.55     910.55     910.55],
[   2086.32    2061.63    2109.96    2060.34],
[   1985.44    1949.49    2035.24    1984.33],
[   1953.84    1872.95    1882.12    1957.04],
[   2176.68    2048.61    2078.41    2177.96],
[   1980.66    1998.30    1920.41    1935.77],
[   2065.57    2139.65    2081.01    2146.17],
[   2101.34    2032.10    2057.14    2130.63],
[   2077.17    2100.90    2126.48    2107.66],
[   1948.29    1888.59    1922.32    1905.42],
[   1993.71    1932.47    2038.02    2034.28],
[   3948.86    3879.74    3948.18    4005.60],
[   3717.76    3732.79    4144.24    4171.11],
[   3856.10    3772.55    3801.78    3675.43],
[   4228.71    3906.51    4024.25    3926.70],
[   3734.44    3831.07    3769.33    3771.52],
[   4062.89    4084.91    4062.74    4089.72],
[   4229.60    4255.79    4362.55    4107.86],
[   4117.83    3902.65    3906.84    4083.69],
[   4191.06    4033.03    4188.36    4060.36],
[   3800.90    4002.12    3837.37    3907.75],
[   5559.54    5546.41    5602.82    5546.41],
[   5871.67    5782.08    5750.35    5874.12],
[   5607.67    5466.70    5216.16    5660.59],
[   5769.00    5371.92    5768.10    5690.77],
[   5622.77    5639.68    6180.45    5726.94],
[   5561.71    5745.46    5291.75    5291.37],
[   6042.89    5981.09    5652.33    5732.48],
[   5126.14    5401.91    5401.91    5004.09],
[   5995.41    6090.20    5580.42    5682.10],
[   5859.76    5479.89    5315.43    5315.43]
