[    990.53     990.53     990.53     990.53],
[    953.64     953.64     953.64     953.64],
[    985.68     985.68     985.68     985.68],
[    911.87     911.87     911.87     911.87],
[    911.67     910.55     910.55     910.55],
[   2086.51    2099.51    2099.51    2099.51],
[   1943.58    1958.00    1958.00    1958.00],
[   1925.97    1872.30    1871.79    1871.10],
[   2160.91    2122.00    2122.00    2122.00],
[   1983.99    1969.16    1969.16    1969.16],
[   2081.65    2081.65    2081.65    2081.65],
[   2066.85    2064.72    2064.72    2064.72],
[   2013.60    1969.65    1969.65    1969.65],
[   1967.11    1946.92    1946.92    1946.92],
[   2047.90    1947.27    1947.57    1945.99],
[   3964.19    3963.72    3963.72    3963.72],
[   3732.77    3732.77    3732.77    3732.77],
[   3713.82    3661.81    3661.81    3661.81],
[   4103.35    4058.82    4058.82    4058.82],
[   3848.47    3676.27    3664.47    3664.47],
[   4041.45    3957.82    3957.82    3957.82],
[   4146.52    4145.69    4145.69    4145.69],
[   3924.68    3876.36    3874.41    3874.41],
[   4044.95    3895.35    3894.37    3894.37],
[   3876.91    3870.08    3870.08    3870.08],
[   5559.54    5546.41    5546.41    5546.41],
[   6033.59    6069.41    6069.41    6069.41],
[   5603.71    5603.71    5603.71    5603.71],
[   5704.79    5432.29    5432.29    5432.29],
[   5726.94    5726.94    5726.94    5726.94],
[   5561.71    5561.71    5561.71    5561.71],
[   5869.62    5867.98    5867.98    5867.98],
[   5193.21    5187.36    5179.85    5179.85],
[   5990.58    5891.65    5851.43    5851.43],
[   5518.99    5308.85    5308.85    5308.85]
