[    990.53     990.53     990.53     990.53],
[    953.64     953.64     953.64     953.64],
[    985.68     985.68     985.68     985.68],
[    911.87     911.87     911.87     911.87],
[    910.55     910.55     910.55     910.55],
[   2080.93    2080.93    2080.93    2080.93],
[   1931.53    1931.53    1931.53    1931.53],
[   2043.81    2043.81    2043.81    2043.81],
[   2153.32    2111.48    2153.32    2111.48],
[   1951.33    1951.33    1951.33    1951.33],
[   2066.49    2066.49    2066.49    2066.49],
[   2093.78    2107.24    2093.78    2107.24],
[   1965.77    1961.59    1965.77    1961.59],
[   1915.52    1915.52    1915.52    1915.52],
[   1954.14    1954.14    1954.14    1954.14],
[   3879.74    3879.74    3879.74    3879.74],
[   3737.13    3737.13    3737.13    3737.13],
[   3852.21    3852.21    3852.21    3852.21],
[   4117.29    4117.29    4117.29    4117.29],
[   3993.41    3833.01    3993.41    3833.01],
[   4029.86    3990.35    4029.86    3990.35],
[   4417.75    4417.75    4417.75    4417.75],
[   4064.88    3951.41    4064.88    3951.41],
[   4268.11    4204.25    4268.11    4204.25],
[   4061.62    4048.91    4061.62    4048.91],
[   5721.88    5619.65    5721.88    5619.65],
[   6124.36    6049.94    6124.36    6049.94],
[   5630.62    5630.62    5630.62    5630.62],
[   6096.15    6053.86    6096.15    6053.86],
[   5826.88    5826.88    5826.88    5826.88],
[   5859.69    5859.69    5859.69    5859.69],
[   5684.33    5672.58    5684.33    5672.58],
[   5173.36    5165.86    5173.36    5165.86],
[   5766.71    5766.71    5766.71    5766.71],
[   5548.62    5338.59    5548.62    5338.59],
[   5327.63    5327.36    5327.63    5327.36],
[   5094.30    5094.30    5094.30    5094.30],
[   5506.89    5460.51    5506.89    5460.51],
[   4739.76    4574.60    4739.76    4574.60],
[   5353.27    5311.39    5353.27    5311.39],
[   5177.06    5177.06    5177.06    5177.06],
[   4271.18    4271.18    4271.18    4271.18],
[   5022.81    5022.81    5022.81    5022.81],
[   4638.47    4638.47    4638.47    4638.47],
[   4136.86    4108.28    4136.86    4108.28],
[   9767.96    9780.30    9767.96    9780.30],
[   7307.03    7342.89    7307.03    7342.89],
[   8487.46    8487.46    8487.46    8487.46],
[  11030.89   11142.26   11030.89   11142.26],
[  10217.56   10157.19   10217.56   10157.19],
[  11548.96   11486.32   11548.96   11486.32],
[   9856.76    9751.17    9856.76    9751.17],
[   8977.92    9034.86    8977.92    9034.86],
[   9551.96    9469.82    9551.96    9469.82],
[   9471.74    9460.05    9471.74    9460.05],
[  13192.04   13192.04   13192.04   13192.04],
[  14157.09   14425.37   14157.09   14425.37],
[  11155.46   11086.50   11155.46   11086.50],
[  14374.31   14433.11   14374.31   14433.11],
[  14586.30   14301.33   14586.30   14301.33],
[  14081.06   14075.82   14081.06   14075.82],
[  11552.35   11552.33   11552.35   11552.33],
[  12810.26   12727.75   12810.26   12727.75],
[  13238.14   13238.14   13238.14   13238.14],
[  11110.16   11138.64   11110.16   11138.64]
