[    990.53     990.53     990.53     990.53],
[    953.64     953.64     953.64     953.64],
[    985.68     985.68     985.68     985.68],
[    911.87     911.87     911.87     911.87],
[    910.55     910.55     910.55     910.55],
[   2083.93    2084.87    2083.93    2084.87],
[   1896.24    1898.01    1896.24    1898.01],
[   1962.89    2078.25    1962.89    2078.25],
[   2099.43    2102.84    2099.43    2102.84],
[   1964.38    1964.38    1980.66    1980.66],
[   2126.23    2126.23    2126.23    2126.23],
[   2085.06    2087.19    2085.06    2087.19],
[   1948.03    1949.86    1952.21    1953.79],
[   1958.60    1958.60    1978.63    1978.63],
[   2045.78    2047.66    2045.78    2047.66],
[   4033.32    4034.36    4033.32    4034.36],
[   3734.28    3734.28    3734.28    3734.28],
[   3672.03    3723.26    3675.27    3676.78],
[   3914.12    3914.21    3930.42    3930.51],
[   3756.98    3768.85    3819.99    3824.95],
[   4145.30    4146.27    4145.30    4146.27],
[   4118.20    4118.20    4118.20    4118.20],
[   4032.87    4033.70    4032.87    4033.70],
[   4131.37    4137.86    4133.83    4133.85],
[   4074.09    4074.16    4084.34    4084.40],
[   5180.27    5193.62    5329.20    5342.32],
[   5915.40    5957.11    5933.90    5934.29],
[   5216.16    5219.37    5219.37    5219.37],
[   5821.79    5828.23    5821.79    5828.23],
[   5632.62    5633.96    5632.62    5633.96],
[   5561.71    5561.71    5561.71    5561.71],
[   5732.48    5735.07    5732.48    5735.07],
[   5187.36    5191.59    5187.36    5191.59],
[   5902.14    5931.72    5902.14    5931.72],
[   5394.59    5399.26    5394.59    5399.26],
[   6204.54    6204.95    6201.42    6410.29],
[   4393.42    4396.87    4393.42    4396.87],
[   5747.66    5748.24    5722.14    5769.35],
[   4570.86    4818.62    4657.05    4659.78],
[   4899.34    4899.52    4899.33    4899.52],
[   5834.13    5800.14    5834.13    5825.80],
[   4826.50    4827.21    4826.50    4827.21],
[   5409.78    5416.33    5410.21    5416.33],
[   4377.58    4379.16    4371.36    4398.93],
[   4808.63    5011.63    4759.86    4762.88],
[  10882.93   10546.00   10808.68   10808.87],
[   8940.11    8950.73    8939.59    9040.23],
[   7869.07    8418.64    7869.07    8474.78],
[   9951.69    9953.01    9951.69    9953.01],
[   8301.15    8428.32    8301.15    8428.32],
[  10014.43   10018.18   10090.39   10026.17],
[   9626.81    9800.31    9626.81    9800.31],
[   9103.28    9114.33    9110.79    9115.12],
[  10668.57   10801.43   10674.26   10765.69],
[   9105.97    9104.36    8930.72    9010.89],
[  14582.92   14587.35   14582.92   14587.35],
[  14077.14   14091.81   14260.82   14229.80],
[  12946.61   12975.02   12974.26   12949.07],
[  13445.74   13447.24   13721.18   14679.05],
[  15110.70   15171.14   14746.75   14752.71],
[  12348.39   12398.26   12348.39   12364.26],
[  11643.55   11732.46   11643.96   11731.09],
[  13439.56   14024.18   14049.94   14058.53],
[  13062.47   13062.47   13062.47   13062.47],
[  12036.65   11833.03   12036.65   11833.03]
