sol_mbA101.txt     990.53     990.53     990.53     990.53
sol_mbA102.txt     953.64     953.64     953.64     953.64
sol_mbA103.txt     985.68     985.68     985.68     985.68
sol_mbA104.txt     911.87     911.87     911.87     911.87
sol_mbA105.txt     910.55     910.55     910.55     910.55
sol_mbB101.txt    2040.67    2041.30    2112.95    2022.86
sol_mbB102.txt    2038.25    1913.57    1881.20    1934.20
sol_mbB103.txt    1960.06    2047.10    2021.55    1924.04
sol_mbB104.txt    2146.70    2158.26    2131.55    2119.42
sol_mbB105.txt    1994.69    1962.99    1977.61    1917.89
sol_mbB106.txt    2052.96    2057.02    2066.49    2057.02
sol_mbB107.txt    2067.98    2090.63    2062.63    2103.90
sol_mbB108.txt    2054.15    2153.51    2117.77    2130.55
sol_mbB109.txt    1907.40    1877.56    1939.93    1877.45
sol_mbB110.txt    1913.45    2097.52    2104.13    1993.21
sol_mbC101.txt    3949.35    4093.79    4005.60    3879.74
sol_mbC102.txt    3717.76    3734.31    3685.74    4067.21
sol_mbC103.txt    3784.28    3771.66    3848.58    3799.06
sol_mbC104.txt    3929.35    4164.20    3911.05    3911.05
sol_mbC105.txt    3734.44    3852.48    3750.52    3960.34
sol_mbC106.txt    4117.99    3986.91    4085.68    4023.38
sol_mbC107.txt    4113.22    4107.86    4253.65    4107.86
sol_mbC108.txt    4224.92    3976.74    4179.86    4148.02
sol_mbC109.txt    4000.75    4298.38    4160.44    4338.10
sol_mbC110.txt    3801.01    4037.98    3978.81    3971.58
sol_mbD101.txt    5410.23    5688.23    5344.22    5393.48
sol_mbD102.txt    5911.87    5933.89    5781.58    5970.46
sol_mbD103.txt    5242.55    5315.24    5651.31    5246.87
sol_mbD104.txt    5390.96    5403.83    5597.84    5652.97
sol_mbD105.txt    5564.66    5889.20    5741.16    5653.90
sol_mbD106.txt    5376.36    5572.14    5284.87    5284.87
sol_mbD107.txt    5798.11    5683.40    5662.86    5757.91
sol_mbD108.txt    5363.32    5174.98    5359.10    5183.63
sol_mbD109.txt    5878.72    5949.52    5921.29    5795.22
sol_mbD110.txt    5773.16    6017.52    5843.23    5820.66
