[    953.64     953.64     953.64     953.64],
[    985.68     985.68     985.68     985.68],
[    911.87     911.87     911.87     911.87],
[    911.67     910.55     910.55     910.55],
[   2013.01    2069.88    2015.26    1989.10],
[   1913.46    1945.38    2047.92    1924.06],
[   2063.21    1872.95    1872.44    1990.63],
[   2202.34    2199.77    2114.94    2074.94],
[   1914.43    1920.41    1928.56    1954.48],
[   2055.44    2101.77    2078.10    2092.45],
[   2097.30    2108.90    2071.84    2084.63],
[   2123.16    2162.53    2103.34    2013.90],
[   1990.84    1896.22    1898.25    1923.11],
[   1936.08    1914.84    2140.18    1909.41],
[   3880.91    3879.74    3879.74    4033.32],
[   3681.36    3657.34    3734.31    3685.74],
[   4049.91    3668.10    3823.14    3614.84],
[   3969.97    4157.88    3909.52    3899.21],
[   3861.54    3845.54    3771.52    3771.52],
[   3982.29    4151.15    4090.83    4151.15],
[   4332.47    4107.86    4203.78    4118.20],
[   4246.85    4092.35    3912.22    3868.11],
[   4103.51    4045.46    4223.09    4141.50],
[   3804.94    4029.84    3963.21    3932.23],
[   5342.32    5435.16    5294.38    5435.16],
[   6064.14    5970.46    6147.42    5993.17],
[   5242.55    5262.33    5404.08    5216.16],
[   5390.13    5800.07    5904.35    5374.71],
[   6011.19    6068.79    5989.74    6377.24],
[   5389.91    5293.67    5291.75    5291.37],
[   5785.18    5627.04    5747.38    5620.06],
[   5408.60    5165.86    5342.06    5183.63],
[   5575.02    5937.46    5737.13    6061.73],
[   5858.24    5361.26    5177.74    5308.85]
