[    990.53     990.53     990.53     990.53],
[    953.64     953.64     953.64     953.64],
[    985.68     985.68     985.68     985.68],
[    911.87     911.87     911.87     911.87],
[    911.67     910.55     910.55     910.55],
[   2005.73    2004.79    2004.79    2004.79],
[   1939.90    1954.32    1954.32    1954.32],
[   2075.20    2025.85    2025.83    2025.73],
[   2185.70    2146.90    2146.90    2146.90],
[   1914.43    1877.14    1877.00    1877.00],
[   2096.29    2096.29    2096.29    2096.29],
[   2062.03    2061.92    2061.92    2061.92],
[   1978.62    1963.56    1963.56    1963.56],
[   1885.17    1884.05    1883.89    1883.89],
[   2049.45    1926.58    1926.55    1926.55],
[   3880.42    3879.74    3879.74    3879.74],
[   3717.76    3717.76    3717.76    3717.76],
[   3726.59    3688.03    3688.03    3688.03],
[   4197.64    4152.78    4150.85    4150.85],
[   3820.44    3818.93    3818.93    3818.93],
[   3860.20    3859.55    3859.55    3859.55],
[   4253.65    4253.65    4253.65    4253.65],
[   4030.07    3925.54    3924.94    3924.94],
[   4234.18    4090.60    4090.60    4090.60],
[   3814.21    3775.70    3775.70    3775.70],
[   5542.21    5542.21    5542.21    5542.21],
[   5894.76    5894.76    5894.76    5894.76],
[   5242.55    5242.55    5242.55    5242.55],
[   5919.22    5877.23    5876.74    5876.72],
[   5828.75    5828.75    5828.75    5828.75],
[   5389.91    5389.91    5389.91    5389.91],
[   5701.02    5655.57    5655.57    5655.57],
[   5595.61    5413.85    5409.62    5409.62],
[   6265.15    6263.76    6263.32    6263.32],
[   5518.87    5308.85    5308.85    5308.85]
