[    953.64     955.88     955.88     955.88],
[    985.68     985.68     985.68     985.68],
[    911.87     944.64     911.87     944.64],
[    911.67     910.55     985.68     985.68],
[   2090.11    2129.48    2167.25    2136.29],
[   2031.62    2173.12    2062.09    2090.04],
[   2104.67    2128.23    2002.44    2112.11],
[   2053.14    2254.68    2191.87    2152.63],
[   1908.63    2094.56    2016.24    2149.23],
[   2088.49    2097.62    2127.77    2187.42],
[   2096.26    2154.86    2130.23    2186.54],
[   2065.50    2221.14    2102.63    2149.91],
[   1913.11    2089.14    2089.05    2155.98],
[   1936.08    2184.56    2068.58    2188.94],
[   3880.42    4199.68    4040.26    4113.25],
[   3681.36    3842.83    3916.68    3931.45],
[   3942.87    3931.61    4005.49    3978.22],
[   3929.35    4147.93    4099.08    4388.55],
[   3825.17    4325.63    4038.67    4180.85],
[   4018.76    4221.89    4425.94    4436.97],
[   4376.71    4318.23    4386.01    4237.83],
[   3926.67    4542.41    4497.03    4392.68],
[   4152.73    4455.79    4455.79    4207.90],
[   3762.08    4360.85    4424.42    4367.62],
[   5342.32    5710.68    5810.75    5810.75],
[   5887.72    5847.81    5847.81    6279.62],
[   5387.98    5782.05    5482.46    5652.76],
[   5869.69    6165.38    6168.00    6177.43],
[   5698.73    6543.89    6346.82    6077.11],
[   5376.36    5388.34    5628.86    5309.92],
[   5785.18    5861.16    6081.36    5781.08],
[   5127.76    5543.35    5652.04    5626.72],
[   5768.63    6111.24    6240.56    6171.02],
[   5768.61    5791.61    5477.34    5446.08]
