sol_mbA101.txt     990.53     990.53     990.53     990.53
sol_mbA102.txt     953.64     953.64     953.64     953.64
sol_mbA103.txt     985.68     985.68     985.68     985.68
sol_mbA104.txt     911.87     911.87     911.87     911.87
sol_mbA105.txt     911.67     910.55     910.55     910.55
sol_mbB101.txt    2019.25    2089.41    2096.25    2052.76
sol_mbB102.txt    1951.73    1896.24    1933.02    2015.29
sol_mbB103.txt    1953.84    1972.03    1975.97    1984.29
sol_mbB104.txt    2196.86    2132.46    2119.89    2101.99
sol_mbB105.txt    1983.99    2014.48    1871.42    1870.95
sol_mbB106.txt    2124.54    2087.96    2082.55    2050.32
sol_mbB107.txt    2073.76    2079.05    2086.16    2120.40
sol_mbB108.txt    1963.97    2027.07    2030.92    1964.18
sol_mbB109.txt    1990.84    1885.94    1906.54    1932.04
sol_mbB110.txt    2069.23    2011.98    1936.19    2048.00
sol_mbC101.txt    3964.19    4005.60    3879.74    3948.18
sol_mbC102.txt    3681.36    3780.29    3737.15    3737.15
sol_mbC103.txt    3858.15    3658.37    3624.98    3868.44
sol_mbC104.txt    4103.35    3992.91    3992.12    4001.45
sol_mbC105.txt    3657.01    3802.06    3844.53    3766.77
sol_mbC106.txt    3998.38    4019.01    3927.84    4185.59
sol_mbC107.txt    4232.21    4112.84    4415.84    4184.51
sol_mbC108.txt    4030.44    4207.90    3893.73    4204.87
sol_mbC109.txt    4159.71    4167.81    4164.66    4479.71
sol_mbC110.txt    3975.43    4036.42    3818.01    3955.76
sol_mbD101.txt    5491.54    5277.86    5189.30    5373.08
sol_mbD102.txt    5815.52    5942.20    5875.86    5859.11
sol_mbD103.txt    5566.57    5651.70    5269.86    5314.85
sol_mbD104.txt    5500.28    5375.60    5782.68    5753.49
sol_mbD105.txt    5948.21    5889.20    5653.90    5842.97
sol_mbD106.txt    6093.91    5293.67    5412.66    5732.84
sol_mbD107.txt    5680.13    5666.96    5695.56    5637.57
sol_mbD108.txt    5480.80    5231.64    5281.71    5371.36
sol_mbD109.txt    5894.89    5607.01    5949.52    6445.32
sol_mbD110.txt    5662.27    5408.88    5491.25    5728.44
