[    953.64     953.64     953.64     953.64],
[    985.68     985.68     985.68     985.68],
[    911.87     911.87     911.87     911.87],
[    910.55     910.55     910.55     910.55],
[   2066.38    2017.74    2042.62    2015.26],
[   1947.72    1938.97    1896.24    1983.56],
[   1986.84    1969.21    2016.69    2027.63],
[   2189.63    2111.66    2133.32    2169.99],
[   1980.86    1992.10    2010.15    1958.59],
[   2094.83    2054.65    2156.21    2166.07],
[   2062.48    2061.49    2096.99    2119.76],
[   1963.97    1978.83    2101.72    1975.41],
[   1899.82    1910.84    1934.16    1905.42],
[   1930.71    1995.08    2129.64    1932.82],
[   4005.62    4005.60    3948.18    3879.74],
[   3681.36    3685.72    3737.13    3737.13],
[   3835.41    3848.31    3614.68    3838.17],
[   3929.35    3915.51    4037.95    3927.34],
[   3820.44    3917.37    3899.64    3917.37],
[   4145.83    4124.42    4057.43    4162.12],
[   4279.59    4348.17    4203.78    4286.75],
[   4000.76    4093.72    4000.42    4165.93],
[   4236.12    4074.97    4110.79    4175.78],
[   3938.75    4013.41    3794.26    3880.50],
[   5342.32    5482.48    5551.68    5329.20],
[   6038.06    6233.62    6126.54    6063.75],
[   5463.49    5364.51    5382.33    5614.57],
[   5360.69    5614.69    5581.91    5734.94],
[   5726.94    5921.21    5639.68    5736.25],
[   5434.25    5561.71    5735.54    5561.71],
[   5686.27    5911.77    5874.63    5696.78],
[   5495.52    5328.73    5187.36    5115.64],
[   5792.17    5839.28    5991.06    5708.69],
[   5518.87    5950.75    5518.87    5846.18]
