[    953.64     953.64     953.64     953.64],
[    985.68     985.68     985.68     985.68],
[    911.87     911.87     911.87     911.87],
[    910.55     910.55     910.55     910.55],
[   1993.80    2035.11    2047.74    2047.74],
[   1883.59    1896.24    1896.24    1896.24],
[   1945.16    1944.70    1944.70    1944.70],
[   2108.99    2099.87    2099.87    2099.87],
[   1866.11    1867.76    1867.76    1867.76],
[   2052.96    2050.32    2050.32    2050.32],
[   2116.84    2116.84    2116.84    2116.84],
[   2023.44    1979.49    1979.49    1979.49],
[   1933.27    1932.91    1932.91    1932.91],
[   2088.37    2087.80    2087.79    2087.79],
[   3948.86    3948.18    3948.18    3948.18],
[   3681.36    3681.36    3681.36    3681.36],
[   3917.76    3924.65    3924.65    3924.65],
[   4049.01    4009.21    4008.42    4008.42],
[   4057.33    4055.60    4055.60    4055.60],
[   3982.29    3982.29    3982.29    3982.29],
[   4304.14    4184.51    4184.51    4184.51],
[   4129.52    4127.12    4127.12    4127.12],
[   4413.72    4431.65    4431.65    4431.65],
[   3941.31    3936.08    3936.08    3936.08],
[   5468.58    5457.62    5457.62    5457.62],
[   5911.87    5850.17    5850.17    5850.17],
[   5364.51    5364.51    5364.51    5364.51],
[   5820.58    5815.95    5815.95    5815.95],
[   5639.68    5639.68    5639.68    5639.68],
[   5376.36    5363.51    5363.51    5363.51],
[   5878.67    5678.71    5676.12    5676.12],
[   5408.60    5404.60    5404.60    5404.60],
[   5990.58    5851.87    5851.43    5851.43],
[   5950.86    5922.49    5922.49    5922.49]
