sol_mbA101.txt     990.53     990.53     990.53     990.53
sol_mbA102.txt     953.64     953.64     953.64     953.64
sol_mbA103.txt     985.68     985.68     985.68     985.68
sol_mbA104.txt     911.87     911.87     911.87     911.87
sol_mbA105.txt     911.67     910.55     910.55     910.55
sol_mbB101.txt    1977.70    1979.55    2123.96    2068.33
sol_mbB102.txt    1923.83    1966.23    1978.58    1948.37
sol_mbB103.txt    2089.96    2002.61    1975.97    1906.82
sol_mbB104.txt    2112.88    2041.49    2168.65    2177.53
sol_mbB105.txt    1968.14    1942.32    1994.18    1977.61
sol_mbB106.txt    2059.57    2101.77    2050.32    2089.19
sol_mbB107.txt    2072.02    2086.16    2020.29    2134.23
sol_mbB108.txt    2086.03    1997.32    2083.61    2093.01
sol_mbB109.txt    1922.78    1877.18    1912.12    1962.52
sol_mbB110.txt    2064.95    2048.55    2110.16    2003.00
sol_mbC101.txt    3949.35    3948.18    3948.18    3879.74
sol_mbC102.txt    3681.36    3685.74    3737.15    3657.34
sol_mbC103.txt    3856.10    3962.66    3675.43    3928.05
sol_mbC104.txt    4246.92    3912.96    4032.97    3959.07
sol_mbC105.txt    3824.39    3789.49    3771.52    3779.94
sol_mbC106.txt    3968.76    4057.87    3990.35    4188.28
sol_mbC107.txt    4083.03    4253.65    4234.73    4287.09
sol_mbC108.txt    3965.90    4176.03    4301.27    4120.66
sol_mbC109.txt    4111.21    4270.80    3997.88    4115.86
sol_mbC110.txt    3928.00    3939.78    3851.13    3975.80
sol_mbD101.txt    5342.32    5689.48    5603.28    5416.48
sol_mbD102.txt    5993.17    6123.23    5885.60    5781.58
sol_mbD103.txt    5242.85    5323.07    5651.31    5314.85
sol_mbD104.txt    5715.99    5721.43    5615.64    5443.96
sol_mbD105.txt    5639.68    6300.67    5712.95    5646.84
sol_mbD106.txt    5376.36    5389.91    5293.29    5291.37
sol_mbD107.txt    5680.13    5714.40    5692.32    5662.86
sol_mbD108.txt    5243.61    5200.12    5137.57    5395.48
sol_mbD109.txt    5942.80    5895.64    5843.96    5795.22
sol_mbD110.txt    5531.88    5827.15    5836.67    5781.99
