0         0         0         0
         0         0         0         0
         0         0         0         0
         0         0         0         0
         0   -0.1230   -0.1230   -0.1230
         0    0.6192    0.6192    0.6192
         0    0.7365    0.7365    0.7365
         0   -2.8665   -2.8946   -2.9325
         0   -1.8336   -1.8336   -1.8336
         0   -0.7531   -0.7531   -0.7531
         0         0         0         0
         0   -0.1032   -0.1032   -0.1032
         0   -2.2314   -2.2314   -2.2314
         0   -1.0370   -1.0370   -1.0370
         0   -5.1677   -5.1515   -5.2369
         0   -0.0119   -0.0119   -0.0119
         0         0         0         0
         0   -1.4203   -1.4203   -1.4203
         0   -1.0971   -1.0971   -1.0971
         0   -4.6841   -5.0212   -5.0212
         0   -2.1130   -2.1130   -2.1130
         0   -0.0200   -0.0200   -0.0200
         0   -1.2465   -1.2975   -1.2975
         0   -3.8405   -3.8666   -3.8666
         0   -0.1765   -0.1765   -0.1765
         0   -0.2367   -0.2367   -0.2367
         0    0.5902    0.5902    0.5902
         0         0         0         0
         0   -5.0163   -5.0163   -5.0163
         0         0         0         0
         0         0         0         0
         0   -0.0279   -0.0279   -0.0279
         0   -0.1128   -0.2579   -0.2579
         0   -1.6792   -2.3781   -2.3781
         0   -3.9583   -3.9583   -3.9583