 0         0         0         0
         0         0         0         0
         0         0         0         0
         0         0         0         0
         0   -0.1230   -0.1230   -0.1230
         0   -0.0469   -0.0469   -0.0469
         0    0.7379    0.7379    0.7379
         0   -2.4360   -2.4370   -2.4421
         0   -1.8073   -1.8073   -1.8073
         0   -1.9865   -1.9941   -1.9941
         0         0         0         0
         0   -0.0053   -0.0053   -0.0053
         0   -0.7670   -0.7670   -0.7670
         0   -0.0594   -0.0679   -0.0679
         0   -6.3776   -6.3793   -6.3793
         0   -0.0175   -0.0175   -0.0175
         0         0         0         0
         0   -1.0455   -1.0455   -1.0455
         0   -1.0802   -1.1272   -1.1272
         0   -0.0395   -0.0395   -0.0395
         0   -0.0168   -0.0168   -0.0168
         0         0         0         0
         0   -2.6628   -2.6785   -2.6785
         0   -3.5100   -3.5100   -3.5100
         0   -1.0199   -1.0199   -1.0199
         0         0         0         0
         0         0         0         0
         0         0         0         0
         0   -0.7145   -0.7228   -0.7232
         0         0         0         0
         0         0         0         0
         0   -0.8036   -0.8036   -0.8036
         0   -3.3573   -3.4381   -3.4381
         0   -0.0222   -0.0292   -0.0292
         0   -3.9560   -3.9560   -3.9560